point: 6.8991744,79.8544396

up: 6.9018405,79.853514
down: 6.8962791,79.8555881
left: 6.898546,79.8527541
right: 6.8993696,79.8561938


latRange: 6.8962791, 6.9018405
longRange: 79.8527541, 79.8561938